%YAML:1.0
---
cameraNumber: 2

imageWidth: 1920
imageHeight: 1200

cameraMatrix1: !!opencv-matrix
   rows: 3
   cols: 3
   dt: f
   data: [ 4335.82191833319, 0., 946.158871172548, 0.,
       4335.14136726985, 625.511663075604, 0., 0., 1. ]
distCoeffs1: !!opencv-matrix
   rows: 5
   cols: 1
   dt: f
   data: [-0.0761116245248324, -0.274341999473558, 0, 0, 11.4958920686105 ]
Rotation1: !!opencv-matrix
   rows: 3
   cols: 3
   dt: f
   data: [ 1, 0, 0, 0, 1, 0, 0, 0, 1 ]
Translation1: !!opencv-matrix
   rows: 3
   cols: 1
   dt: f
   data: [ 0, 0, 0 ]

cameraMatrix2: !!opencv-matrix
   rows: 3
   cols: 3
   dt: f
   data: [ 4351.07856293239, 0., 979.766391356674, 0.,
       4351.90920898080, 597.632511984211, 0., 0., 1. ]
distCoeffs2: !!opencv-matrix
   rows: 5
   cols: 1
   dt: f
   data: [-0.0765706125598066, -0.423469684764838, 0, 0, 16.2485216294301 ]
Rotation2: !!opencv-matrix
   rows: 3
   cols: 3
   dt: f
   data: [ 0.992764918729925, -0.00320418215442931, 0.120031451527866, 0.00338136904130394, 
      0.999993473487326, -0.00127252746882474, -0.120026590731270, 0.00166919126334849, 0.992769273959441 ]
Translation2: !!opencv-matrix
   rows: 3
   cols: 1
   dt: f
   data: [ -198.722262721181, -0.754334706366948, 8.41287635362328 ]

cameraMatrixEndoscopy: !!opencv-matrix
   rows: 3
   cols: 3
   dt: f
   data: [ 1074.62215925417, 0., 617.880017107200, 0.,
       1072.63407433598, 367.934035987837, 0., 0., 1. ]
distCoeffsEndoscopy: !!opencv-matrix
   rows: 5
   cols: 1
   dt: f
   data: [0.0276, 0.0149, 0, 0, -0.1898 ]

trackingNumber: 1
TrackingPoint1: !!opencv-matrix
   rows: 3
   cols: 1
   dt: f
   data: [-195.9093, 60.78, 351.6 ]
