%YAML:1.0
---
cameraNumber: 2

imageWidth: 1920
imageHeight: 1200

cameraMatrix1: !!opencv-matrix
   rows: 3
   cols: 3
   dt: f
   data: [ 4352.29080129221, 0., 935.979155752854, 0.,
       4348.37089545883, 614.458390535613, 0., 0., 1. ]
distCoeffs1: !!opencv-matrix
   rows: 5
   cols: 1
   dt: f
   data: [-0.0679155469770062, 0.523734616512796, 0, 0, 0 ]
Rotation1: !!opencv-matrix
   rows: 3
   cols: 3
   dt: f
   data: [ 1, 0, 0, 0, 1, 0, 0, 0, 1 ]
Translation1: !!opencv-matrix
   rows: 3
   cols: 1
   dt: f
   data: [ 0, 0, 0 ]

cameraMatrix2: !!opencv-matrix
   rows: 3
   cols: 3
   dt: f
   data: [ 4343.69970747322, 0., 1002.01883939549, 0.,
       4341.32913738690, 589.925549575603, 0., 0., 1. ]
distCoeffs2: !!opencv-matrix
   rows: 5
   cols: 1
   dt: f
   data: [-0.0701365349188034, 0.444206179879862, 0, 0, 0 ]
Rotation2: !!opencv-matrix
   rows: 3
   cols: 3
   dt: f
   data: [ 0.999959950668425, 0.00671891937220545, 0.00591212158801486, -0.00672957904183037, 
      0.999975763017873, 0.00178497695863394, -0.00589998517976329, -0.00182469156103132, 0.999980930155963 ]
Translation2: !!opencv-matrix
   rows: 3
   cols: 1
   dt: f
   data: [ 129.975041094086, -0.954906761973132, -4.31158757102290 ]
trackingNumber: 1
TrackingPoint1: !!opencv-matrix
   rows: 3
   cols: 1
   dt: f
   data: [-244.9093, 18, 529 ]
