%YAML:1.0
---
cameraNumber: 2

imageWidth: 1920
imageHeight: 1200

cameraMatrix1: !!opencv-matrix
   rows: 3
   cols: 3
   dt: d
   data: [ 4279.71907321009, 0., 954.899997238562, 0.,
       4283.58831194782, 664.045923289175, 0., 0., 1. ]
distCoeffs1: !!opencv-matrix
   rows: 5
   cols: 1
   dt: d
   data: [-0.0874112944914903, 0.611152160095625, 0, 0, 0 ]
Rotation1: !!opencv-matrix
   rows: 3
   cols: 3
   dt: d
   data: [ 1, 0, 0, 0, 1, 0, 0, 0, 1 ]
Translation1: !!opencv-matrix
   rows: 3
   cols: 1
   dt: d
   data: [ 0, 0, 0 ]

cameraMatrix2: !!opencv-matrix
   rows: 3
   cols: 3
   dt: d
   data: [ 4302.56052253405, 0., 989.261628622301, 0.,
       4307.70476419662, 630.483772462065, 0., 0., 1. ]
distCoeffs2: !!opencv-matrix
   rows: 5
   cols: 1
   dt: d
   data: [-0.0769539124731127, 0.473053708855492, 0, 0, 0 ]
Rotation2: !!opencv-matrix
   rows: 3
   cols: 3
   dt: d
   data: [ 0.999850248688166, 0.00734052537819587, -0.0156715310478968, -0.00729145966341068, 
      0.999968342375121, 0.00318572810043488, 0.0156944198424149, -0.00307098269697303, 0.999872118948761 ]
Translation2: !!opencv-matrix
   rows: 3
   cols: 1
   dt: d
   data: [ 128.500410886031, -0.587497208417336, 4.72096425747278 ]
