%YAML:1.0
---
cameraNumber: 1
imageWidth: 1920
imageHeight: 1200
cameraMatrix: !!opencv-matrix
   rows: 3
   cols: 3
   dt: d
   data: [ 4332.40720790947, 0., 984.030606280387, 0.,
       4333.84537292420, 611.426856444221, 0., 0., 1. ]
distCoeffs: !!opencv-matrix
   rows: 5
   cols: 1
   dt: d
   data: [-0.0881481267895519, 0.590114583113893, 0, 0, 0 ]
Rotation: !!opencv-matrix
   rows: 3
   cols: 3
   dt: d
   data: [ 1, 0, 0, 0, 1, 0, 0, 0, 1 ]
Translation: !!opencv-matrix
   rows: 3
   cols: 1
   dt: d
   data: [ 0, 0, 0 ]
