%YAML:1.0
---
cameraNumber: 2

imageWidth: 1920
imageHeight: 1200

cameraMatrix1: !!opencv-matrix
   rows: 3
   cols: 3
   dt: f
   data: [ 4327.24022611819, 0., 952.522026718750, 0.,
       4327.53556064830, 627.168636107639, 0., 0., 1. ]
distCoeffs1: !!opencv-matrix
   rows: 5
   cols: 1
   dt: f
   data: [-0.0708442319588975, 0.118310732393318, 0, 0, 6.83046435256058 ]
Rotation1: !!opencv-matrix
   rows: 3
   cols: 3
   dt: f
   data: [ 1, 0, 0, 0, 1, 0, 0, 0, 1 ]
Translation1: !!opencv-matrix
   rows: 3
   cols: 1
   dt: f
   data: [ 0, 0, 0 ]

cameraMatrix2: !!opencv-matrix
   rows: 3
   cols: 3
   dt: f
   data: [ 4339.41101887549, 0., 984.472940831779, 0.,
       4339.11652064576, 599.778052618621, 0., 0., 1. ]
distCoeffs2: !!opencv-matrix
   rows: 5
   cols: 1
   dt: f
   data: [-0.0908844468677177, 0.648803187483675, 0, 0, 1.60319876994297 ]
Rotation2: !!opencv-matrix
   rows: 3
   cols: 3
   dt: f
   data: [ 0.992656594639378, -0.00337396745764068, 0.120919400687186, 0.00366821337415213, 
      0.999990828042473, -0.00221089157837965, -0.120910832143341, 0.00263821426810642, 0.992659866467805 ]
Translation2: !!opencv-matrix
   rows: 3
   cols: 1
   dt: f
   data: [ -198.472724574081, 0.374164105864312, 7.62352066299172 ]

cameraMatrixEndoscopy: !!opencv-matrix
   rows: 3
   cols: 3
   dt: f
   data: [ 1074.62215925417, 0., 617.880017107200, 0.,
       1072.63407433598, 367.934035987837, 0., 0., 1. ]
distCoeffsEndoscopy: !!opencv-matrix
   rows: 5
   cols: 1
   dt: f
   data: [0.0276, 0.0149, 0, 0, -0.1898 ]

trackingNumber: 1
TrackingPoint1: !!opencv-matrix
   rows: 3
   cols: 1
   dt: f
   data: [-9.74508854119704, -227.756902825779, 358.119209577272 ]
