%YAML:1.0
---
cameraNumber: 2

imageWidth: 1920
imageHeight: 1200

cameraMatrix1: !!opencv-matrix
   rows: 3
   cols: 3
   dt: f
   data: [ 4373.20858106138, 0., 966.722921827223, 0.,
       4371.76155138884, 631.176599801819, 0., 0., 1. ]
distCoeffs1: !!opencv-matrix
   rows: 5
   cols: 1
   dt: f
   data: [-0.0791614925047055, 0.0675550431163319, 0, 0, 8.68562220625598 ]
Rotation1: !!opencv-matrix
   rows: 3
   cols: 3
   dt: f
   data: [ 1, 0, 0, 0, 1, 0, 0, 0, 1 ]
Translation1: !!opencv-matrix
   rows: 3
   cols: 1
   dt: f
   data: [ 0, 0, 0 ]

cameraMatrix2: !!opencv-matrix
   rows: 3
   cols: 3
   dt: f
   data: [ 4357.21292028500, 0., 991.211477092533, 0.,
       4358.00545717568, 593.902428360846, 0., 0., 1. ]
distCoeffs2: !!opencv-matrix
   rows: 5
   cols: 1
   dt: f
   data: [-0.0892038694889865, 0.168437226662298, 0, 0, 14.1884263253389 ]
Rotation2: !!opencv-matrix
   rows: 3
   cols: 3
   dt: f
   data: [ 0.992193368708529, -0.00319974171234147, 0.124667881765097, 0.00307373637957447, 
      0.999994552376119, 0.00120306390272005, -0.124671052115119, -0.000810475822865564, 0.992197798774745 ]
Translation2: !!opencv-matrix
   rows: 3
   cols: 1
   dt: f
   data: [ -199.489654986241, -0.974282757501992, 3.04521431746889 ]

cameraMatrixEndoscopy: !!opencv-matrix
   rows: 3
   cols: 3
   dt: f
   data: [ 1074.62215925417, 0., 617.880017107200, 0.,
       1072.63407433598, 367.934035987837, 0., 0., 1. ]
distCoeffsEndoscopy: !!opencv-matrix
   rows: 5
   cols: 1
   dt: f
   data: [0.0276, 0.0149, 0, 0, -0.1898 ]

trackingNumber: 1
TrackingPoint1: !!opencv-matrix
   rows: 3
   cols: 1
   dt: f
   data: [-195.9093, 60.78, 351.6 ]
