%YAML:1.0
---
cameraNumber: 2

imageWidth: 1920
imageHeight: 1200

cameraMatrix1: !!opencv-matrix
   rows: 3
   cols: 3
   dt: f
   data: [ 4319.14570671060, 0., 941.855422169753, 0.,
       4317.40221626621, 627.048555818057, 0., 0., 1. ]
distCoeffs1: !!opencv-matrix
   rows: 5
   cols: 1
   dt: f
   data: [-0.0964701170822613, 0.337770327697905, 0, 0, 6.30688006045456 ]
Rotation1: !!opencv-matrix
   rows: 3
   cols: 3
   dt: f
   data: [ 1, 0, 0, 0, 1, 0, 0, 0, 1 ]
Translation1: !!opencv-matrix
   rows: 3
   cols: 1
   dt: f
   data: [ 0, 0, 0 ]

cameraMatrix2: !!opencv-matrix
   rows: 3
   cols: 3
   dt: f
   data: [ 4333.38344397987, 0., 986.479926602501, 0.,
       4331.54727894873, 599.835798188196, 0., 0., 1. ]
distCoeffs2: !!opencv-matrix
   rows: 5
   cols: 1
   dt: f
   data: [-0.0854044748019234, 0.217627687983674, 0, 0, 8.01001376943622 ]
Rotation2: !!opencv-matrix
   rows: 3
   cols: 3
   dt: f
   data: [ 0.992980422903218, -0.00339120986816817, 0.118230196762829, 0.00369968420250257, 
      0.999990300741691, -0.00238971951157666, -0.118220945977221, 0.00281035908244768, 0.992983338135177 ]
Translation2: !!opencv-matrix
   rows: 3
   cols: 1
   dt: f
   data: [ -198.382630143389, -0.242276676521637, 8.10729214823298 ]

cameraMatrixEndoscopy: !!opencv-matrix
   rows: 3
   cols: 3
   dt: f
   data: [ 1074.62215925417, 0., 617.880017107200, 0.,
       1072.63407433598, 367.934035987837, 0., 0., 1. ]
distCoeffsEndoscopy: !!opencv-matrix
   rows: 5
   cols: 1
   dt: f
   data: [0.0276, 0.0149, 0, 0, -0.1898 ]

trackingNumber: 1
TrackingPoint1: !!opencv-matrix
   rows: 3
   cols: 1
   dt: f
   data: [-9.74508854119704, -227.756902825779, 358.119209577272 ]
