%YAML:1.0
---
cameraNumber: 2

imageWidth: 1920
imageHeight: 1200

cameraMatrix1: !!opencv-matrix
   rows: 3
   cols: 3
   dt: f
   data: [ 4279.71907, 0., 954.899997, 0.,
       4283.588312, 664.04592, 0., 0., 1. ]
distCoeffs1: !!opencv-matrix
   rows: 5
   cols: 1
   dt: f
   data: [-0.0874113, 0.6111522, 0, 0, 0 ]
Rotation1: !!opencv-matrix
   rows: 3
   cols: 3
   dt: f
   data: [ 1, 0, 0, 0, 1, 0, 0, 0, 1 ]
Translation1: !!opencv-matrix
   rows: 3
   cols: 1
   dt: f
   data: [ 0, 0, 0 ]

cameraMatrix2: !!opencv-matrix
   rows: 3
   cols: 3
   dt: f
   data: [ 4302.560523, 0., 989.261629, 0.,
       4307.7047642, 630.483772, 0., 0., 1. ]
distCoeffs2: !!opencv-matrix
   rows: 5
   cols: 1
   dt: f
   data: [-0.0769539, 0.4730537, 0, 0, 0 ]
Rotation2: !!opencv-matrix
   rows: 3
   cols: 3
   dt: f
   data: [ 0.99985, 0.0073405, -0.015672, -0.0072915, 
      0.999968, 0.0031857, 0.0156944, -0.003071, 0.999871 ]
Translation2: !!opencv-matrix
   rows: 3
   cols: 1
   dt: f
   data: [ 128.500411, -0.5874972, 4.7209643 ]

TrackingPoint: !!opencv-matrix
   rows: 3
   cols: 1
   dt: f
   data: [-252.9093, 18, 528 ]
