%YAML:1.0
---
cameraNumber: 2

imageWidth: 1920
imageHeight: 1200

cameraMatrix1: !!opencv-matrix
   rows: 3
   cols: 3
   dt: f
   data: [ 4322.48844451828, 0., 952.630456577361, 0.,
       4324.25776969767, 634.195947342450, 0., 0., 1. ]
distCoeffs1: !!opencv-matrix
   rows: 5
   cols: 1
   dt: f
   data: [-0.0912768854557328, 0.682360944665186, 0, 0, 0 ]
Rotation1: !!opencv-matrix
   rows: 3
   cols: 3
   dt: f
   data: [ 1, 0, 0, 0, 1, 0, 0, 0, 1 ]
Translation1: !!opencv-matrix
   rows: 3
   cols: 1
   dt: f
   data: [ 0, 0, 0 ]

cameraMatrix2: !!opencv-matrix
   rows: 3
   cols: 3
   dt: f
   data: [ 4361.17608598148, 0., 981.607303116401, 0.,
       4362.17196767578, 595.494835430901, 0., 0., 1. ]
distCoeffs2: !!opencv-matrix
   rows: 5
   cols: 1
   dt: f
   data: [-0.0897094002053049, 0.635136725284342, 0, 0, 0 ]
Rotation2: !!opencv-matrix
   rows: 3
   cols: 3
   dt: f
   data: [ 0.961658677043078, 0.00894989516054374, -0.274103061355346, -0.00743926958422376, 
      0.999950875166584, 0.00655015432161073, 0.274148219282582, -0.00425988617206472, 0.961678016403614 ]
Translation2: !!opencv-matrix
   rows: 3
   cols: 1
   dt: f
   data: [ 108.765299803111, -0.607160505549424, 21.8617583996538 ]
trackingNumber: 1
TrackingPoint1: !!opencv-matrix
   rows: 3
   cols: 1
   dt: f
   data: [-244.9093, 18, 529 ]
